450
450
450
3580
3580
3580
1120
1120
1120
2090
2090
2090
2460
2460
2460
4550
4550
4550
6040
1950
2660
9680
3900
2060
2400
2140
4450
2000
1740
5680
2360
4900
2900
6770
1050
4600
1920
4660
880
1620
1410
3820
980
1510
2660
590
1140
1610
1890
980
1430
2350
1390
1530
1320
580
1620
2240
830
650
700
400
1290
2330
950
710
2290
620
3500
2980
1260
2360
1030
3310
560
540
5290
1530
3630
1040
1660
750
740
80
7070
2860
2380
550
590
4690
840
2930
2760
470
410
300
200
310
210
360
860
1120
320
1180
470
530
1540
840
600
1190
380
1300
3270
2290
160
680
1320
1480
640
1340
1150
1750
690
760
550
1050
1150
7280
710
880
880
270
1310
5040
5820
950
1190
710
5060
7040
410
770
2810
6590
3990
430
4470
4090
700
1500
2380
4200
1360
950
2330
790
970
3730
1250
2310
420
640
760
780
1000
500
350
660
790
720
410
1350
250
590
510
650
300
810
710
790
300
2430
7970
8180
890
3100
5890
5880
4150
8390
2650
1420
1600
4400
5100
4020
2760
2630
4600
3600
3290
780
3690
6370
7570
5100
3100
2870
1020
4130
1710
1110
5990
1500
570
2620
730
920
6320
9490
1800
2790
800
